1169
694
1170
897
1174
281
143
1178
1179
1372
134
1167
1399
1168
1418
945
1176
981
1171
1175
1184
1212
798
193
1137
1172
946
1383
943
1177
71
1180
1166
1182
232
474
132
1077
612
319
1173
1181
1564
324
952
951
1187
944
221
1183
762
364
1394
931
1565
288
1478
928
1568
726
1136
1223
938
1019
401
935
339
931
200
237
949
1570
834
1342
937
1567
1128
1571
872
1566
1371
755
1505
1371
1127
939
929
130
1635
1189
1214
648
1185
1521
1130
1320
1434
1037
1603
924
911
1134
1142
910
914
1051
947
886
913
1572
934
1454
295
407
225
926
930
1085
942
1478
1124
1215
244
923
228
61
288
1141
1569
932
1186
933
434
927
1346
1539
1540
1534
1576
1209
1140
940
1443
420
776
746
925
1129
557
538
1217
76
1195
1599
1599
547
1138
1165
1135
1573
908
407
760
143
1133
1210
1269
1126
1204
948
1440
868
354
1144
1584
1530
905
1188
1161
1536
768
1536
937
1450
896
896
560
1537
158
1574
922
1582
375
1008
1216
1372
1372
1194
681
1619
1619
1583
186
1357
1322
887
1528
1193
1143
1221
936
1386
607
151
1454
827
1140
1192
56
877
1207
1207
1604
1579
1529
898
1198
1217
1605
1189
920
1560
1560
1560
890
1283
1534
1447
1507
1215
81
1577
1602
1600
1601
918
670
1606
1048
1169
1213
1614
1519
1613
1510
892
1544
886
1517
1197
1039
868
1411
1208
1204
1466
716
1607
1269
1621
1621
1616
1608
1608
1423
1563
1132
1450
1450
1450
1508
1139
1187
737
1155
1611
434
1535
1512
1512
1343
912
1160
1509
1388
1509
1620
963
1219
1219
1219
444
921
1371
1371
1149
1431
1562
1125
1514
1184
1467
20
600
1424
400
1424
1424
1211
1575
183
459
754
1611
1618
1058
1618
1559
1048
712
1201
950
1609
1122
1478
943
1530
1158
66
262
1538
1035
389
1511
1615
1615
1615
765
1211
1346
1519
1519
1436
906
1372
243
1372
1468
1468
821
277
717
132
1163
636
547
1058
1602
1478
1602
903
1465
779
531
741
688
1190
1263
898
863
56
845
557
1374
1272
1374
1513
1392
1513
593
801
617
593
1543
1542
255
134
1005
134
134
1479
1239
1479
184
1144
687
1265
134
802
1610
788
60
200
1308
782
